  15.0   0.0   -3.625
  14.9704   0.94186   -3.625
  14.88172   1.88   -3.625
  14.73431   2.81072   -3.625
  14.52875   3.73035   -3.625
  14.26585   4.63525   -3.625
  13.94665   5.52187   -3.625
  13.57241   6.38669   -3.625
  13.1446   7.22631   -3.625
  12.66492   8.0374   -3.625
  12.13525   8.81678   -3.625
  11.5577   9.56136   -3.625
  10.93453   10.26821   -3.625
  10.26821   10.93453   -3.625
  9.56136   11.5577   -3.625
  8.81678   12.13525   -3.625
  8.0374   12.66492   -3.625
  7.22631   13.1446   -3.625
  6.38669   13.57241   -3.625
  5.52187   13.94665   -3.625
  4.63525   14.26585   -3.625
  3.73035   14.52875   -3.625
  2.81072   14.73431   -3.625
  1.88   14.88172   -3.625
  0.94186   14.9704   -3.625
  0.0   15.0   -3.625
  -0.94186   14.9704   -3.625
  -1.88   14.88172   -3.625
  -2.81072   14.73431   -3.625
  -3.73035   14.52875   -3.625
  -4.63525   14.26585   -3.625
  -5.52187   13.94665   -3.625
  -6.38669   13.57241   -3.625
  -7.22631   13.1446   -3.625
  -8.0374   12.66492   -3.625
  -8.81678   12.13525   -3.625
  -9.56136   11.5577   -3.625
  -10.26821   10.93453   -3.625
  -10.93453   10.26821   -3.625
  -11.5577   9.56136   -3.625
  -12.13525   8.81678   -3.625
  -12.66492   8.0374   -3.625
  -13.1446   7.22631   -3.625
  -13.57241   6.38669   -3.625
  -13.94665   5.52187   -3.625
  -14.26585   4.63525   -3.625
  -14.52875   3.73035   -3.625
  -14.73431   2.81072   -3.625
  -14.88172   1.88   -3.625
  -14.9704   0.94186   -3.625
  -15.0   0.0   -3.625
  -14.9704   -0.94186   -3.625
  -14.88172   -1.88   -3.625
  -14.73431   -2.81072   -3.625
  -14.52875   -3.73035   -3.625
  -14.26585   -4.63526   -3.625
  -13.94665   -5.52187   -3.625
  -13.57241   -6.38669   -3.625
  -13.1446   -7.22631   -3.625
  -12.66492   -8.0374   -3.625
  -12.13525   -8.81678   -3.625
  -11.5577   -9.56136   -3.625
  -10.93453   -10.26821   -3.625
  -10.26821   -10.93453   -3.625
  -9.56136   -11.5577   -3.625
  -8.81678   -12.13525   -3.625
  -8.0374   -12.66492   -3.625
  -7.22631   -13.1446   -3.625
  -6.38669   -13.57241   -3.625
  -5.52187   -13.94665   -3.625
  -4.63525   -14.26585   -3.625
  -3.73035   -14.52875   -3.625
  -2.81072   -14.73431   -3.625
  -1.88   -14.88172   -3.625
  -0.94186   -14.9704   -3.625
  0.0   -15.0   -3.625
  0.94186   -14.9704   -3.625
  1.88   -14.88172   -3.625
  2.81072   -14.73431   -3.625
  3.73035   -14.52875   -3.625
  4.63526   -14.26585   -3.625
  5.52187   -13.94665   -3.625
  6.38669   -13.57241   -3.625
  7.22631   -13.1446   -3.625
  8.0374   -12.66492   -3.625
  8.81678   -12.13525   -3.625
  9.56136   -11.5577   -3.625
  10.26821   -10.93453   -3.625
  10.93453   -10.26821   -3.625
  11.5577   -9.56136   -3.625
  12.13525   -8.81678   -3.625
  12.66492   -8.0374   -3.625
  13.1446   -7.2263   -3.625
  13.57241   -6.38669   -3.625
  13.94665   -5.52187   -3.625
  14.26585   -4.63525   -3.625
  14.52875   -3.73035   -3.625
  14.73431   -2.81072   -3.625
  14.88172   -1.88   -3.625
  14.9704   -0.94186   -3.625
  15.0   0.0   -3.625
  14.9704   0.94186   -3.625
  14.88172   1.88   -3.625
  14.73431   2.81072   -3.625
  14.52875   3.73035   -3.625
  14.26585   4.63526   -3.625
  13.94665   5.52187   -3.625
  13.57241   6.38669   -3.625
  13.1446   7.22631   -3.625
  12.66492   8.0374   -3.625
  12.13525   8.81678   -3.625
  11.5577   9.56136   -3.625
  10.93453   10.26821   -3.625
  10.26821   10.93453   -3.625
  9.56136   11.5577   -3.625
  8.81678   12.13525   -3.625
  8.0374   12.66492   -3.625
  7.2263   13.1446   -3.625
  6.38669   13.57241   -3.625
  5.52187   13.94665   -3.625
  4.63525   14.26585   -3.625
  3.73035   14.52875   -3.625
  2.81072   14.73431   -3.625
  1.88   14.88172   -3.625
  0.94186   14.9704   -3.625
  0.0   15.0   -3.625
  -0.94186   14.9704   -3.625
  -1.88   14.88172   -3.625
  -2.81072   14.73431   -3.625
  -3.73035   14.52875   -3.625
  -4.63526   14.26585   -3.625
  -5.52187   13.94665   -3.625
  -6.38669   13.57241   -3.625
  -7.22631   13.1446   -3.625
  -8.0374   12.66492   -3.625
  -8.81678   12.13525   -3.625
  -9.56136   11.5577   -3.625
  -10.26821   10.93453   -3.625
  -10.93453   10.26821   -3.625
  -11.5577   9.56136   -3.625
  -12.13526   8.81678   -3.625
  -12.66492   8.0374   -3.625
  -13.1446   7.2263   -3.625
  -13.57241   6.38669   -3.625
  -13.94665   5.52187   -3.625
  -14.26585   4.63525   -3.625
  -14.52875   3.73035   -3.625
  -14.73431   2.81072   -3.625
  -14.88172   1.88   -3.625
  -14.9704   0.94186   -3.625
  -15.0   0.0   -3.625
  -14.9704   -0.94186   -3.625
  -14.88172   -1.88   -3.625
  -14.73431   -2.81072   -3.625
  -14.52875   -3.73035   -3.625
  -14.26585   -4.63526   -3.625
  -13.94665   -5.52187   -3.625
  -13.57241   -6.38669   -3.625
  -13.1446   -7.22631   -3.625
  -12.66492   -8.0374   -3.625
  -12.13525   -8.81678   -3.625
  -11.5577   -9.56136   -3.625
  -10.93453   -10.26821   -3.625
  -10.26821   -10.93453   -3.625
  -9.56136   -11.5577   -3.625
  -8.81678   -12.13526   -3.625
  -8.0374   -12.66492   -3.625
  -7.2263   -13.1446   -3.625
  -6.38669   -13.57241   -3.625
  -5.52187   -13.94665   -3.625
  -4.63525   -14.26585   -3.625
  -3.73035   -14.52875   -3.625
  -2.81072   -14.73431   -3.625
  -1.88   -14.88172   -3.625
  -0.94186   -14.9704   -3.625
  0.0   -15.0   -3.625
  0.94186   -14.9704   -3.625
  1.88   -14.88172   -3.625
  2.81072   -14.73431   -3.625
  3.73035   -14.52875   -3.625
  4.63526   -14.26585   -3.625
  5.52187   -13.94665   -3.625
  6.38669   -13.57241   -3.625
  7.22631   -13.1446   -3.625
  8.0374   -12.66492   -3.625
  8.81678   -12.13525   -3.625
  9.56136   -11.5577   -3.625
  10.26821   -10.93453   -3.625
  10.93453   -10.26821   -3.625
  11.5577   -9.56136   -3.625
  12.13526   -8.81678   -3.625
  12.66492   -8.0374   -3.625
  13.1446   -7.2263   -3.625
  13.57241   -6.38669   -3.625
  13.94665   -5.52187   -3.625
  14.26585   -4.63525   -3.625
  14.52875   -3.73035   -3.625
  14.73431   -2.81072   -3.625
  14.88172   -1.88   -3.625
  14.9704   -0.94186   -3.625
  15.0   0.0   -3.625
  15.3   0.0   -3.625
  15.26981   0.96069   -3.625
  15.17935   1.9176   -3.625
  15.029   2.86693   -3.625
  14.81932   3.80496   -3.625
  14.55116   4.72796   -3.625
  14.22558   5.63231   -3.625
  13.84385   6.51442   -3.625
  13.40749   7.37083   -3.625
  12.91822   8.19815   -3.625
  12.37796   8.99311   -3.625
  11.78885   9.75259   -3.625
  11.15322   10.47357   -3.625
  10.47357   11.15322   -3.625
  9.75259   11.78885   -3.625
  8.99311   12.37796   -3.625
  8.19815   12.91822   -3.625
  7.37083   13.40749   -3.625
  6.51442   13.84385   -3.625
  5.63231   14.22558   -3.625
  4.72796   14.55116   -3.625
  3.80496   14.81932   -3.625
  2.86693   15.029   -3.625
  1.9176   15.17935   -3.625
  0.96069   15.26981   -3.625
  0.0   15.3   -3.625
  -0.9607   15.26981   -3.625
  -1.9176   15.17935   -3.625
  -2.86693   15.029   -3.625
  -3.80496   14.81932   -3.625
  -4.72796   14.55116   -3.625
  -5.63231   14.22558   -3.625
  -6.51442   13.84385   -3.625
  -7.37083   13.40749   -3.625
  -8.19815   12.91822   -3.625
  -8.99311   12.37796   -3.625
  -9.75259   11.78885   -3.625
  -10.47357   11.15322   -3.625
  -11.15322   10.47357   -3.625
  -11.78885   9.75259   -3.625
  -12.37796   8.99311   -3.625
  -12.91822   8.19815   -3.625
  -13.40749   7.37083   -3.625
  -13.84385   6.51442   -3.625
  -14.22558   5.63231   -3.625
  -14.55116   4.72796   -3.625
  -14.81932   3.80496   -3.625
  -15.029   2.86693   -3.625
  -15.17936   1.9176   -3.625
  -15.26981   0.96069   -3.625
  -15.3   0.0   -3.625
  -15.26981   -0.9607   -3.625
  -15.17935   -1.9176   -3.625
  -15.029   -2.86693   -3.625
  -14.81932   -3.80496   -3.625
  -14.55116   -4.72796   -3.625
  -14.22558   -5.63231   -3.625
  -13.84385   -6.51442   -3.625
  -13.40749   -7.37083   -3.625
  -12.91822   -8.19815   -3.625
  -12.37796   -8.99311   -3.625
  -11.78885   -9.75259   -3.625
  -11.15322   -10.47357   -3.625
  -10.47357   -11.15322   -3.625
  -9.75259   -11.78885   -3.625
  -8.99311   -12.37796   -3.625
  -8.19815   -12.91822   -3.625
  -7.37083   -13.40749   -3.625
  -6.51442   -13.84385   -3.625
  -5.63231   -14.22558   -3.625
  -4.72796   -14.55116   -3.625
  -3.80496   -14.81932   -3.625
  -2.86693   -15.029   -3.625
  -1.9176   -15.17936   -3.625
  -0.96069   -15.26981   -3.625
  0.0   -15.3   -3.625
  0.9607   -15.26981   -3.625
  1.9176   -15.17935   -3.625
  2.86693   -15.029   -3.625
  3.80496   -14.81932   -3.625
  4.72796   -14.55116   -3.625
  5.63231   -14.22558   -3.625
  6.51442   -13.84385   -3.625
  7.37083   -13.40749   -3.625
  8.19815   -12.91822   -3.625
  8.99311   -12.37796   -3.625
  9.75259   -11.78885   -3.625
  10.47357   -11.15322   -3.625
  11.15322   -10.47357   -3.625
  11.78885   -9.75259   -3.625
  12.37796   -8.99311   -3.625
  12.91822   -8.19815   -3.625
  13.40749   -7.37083   -3.625
  13.84385   -6.51442   -3.625
  14.22558   -5.63231   -3.625
  14.55116   -4.72796   -3.625
  14.81932   -3.80495   -3.625
  15.029   -2.86693   -3.625
  15.17936   -1.9176   -3.625
  15.26981   -0.96069   -3.625
  15.3   0.0   -3.625
  15.26981   0.9607   -3.625
  15.17935   1.9176   -3.625
  15.02899   2.86693   -3.625
  14.81932   3.80496   -3.625
  14.55116   4.72796   -3.625
  14.22558   5.63231   -3.625
  13.84385   6.51442   -3.625
  13.40749   7.37083   -3.625
  12.91822   8.19815   -3.625
  12.37796   8.99311   -3.625
  11.78885   9.75259   -3.625
  11.15322   10.47357   -3.625
  10.47357   11.15322   -3.625
  9.75259   11.78885   -3.625
  8.99311   12.37796   -3.625
  8.19815   12.91822   -3.625
  7.37083   13.40749   -3.625
  6.51442   13.84385   -3.625
  5.63231   14.22558   -3.625
  4.72796   14.55116   -3.625
  3.80495   14.81932   -3.625
  2.86693   15.029   -3.625
  1.9176   15.17936   -3.625
  0.96069   15.26981   -3.625
  0.0   15.3   -3.625
  -0.9607   15.26981   -3.625
  -1.9176   15.17935   -3.625
  -2.86693   15.02899   -3.625
  -3.80496   14.81932   -3.625
  -4.72796   14.55116   -3.625
  -5.63231   14.22558   -3.625
  -6.51442   13.84385   -3.625
  -7.37083   13.40749   -3.625
  -8.19815   12.91822   -3.625
  -8.99312   12.37796   -3.625
  -9.75259   11.78885   -3.625
  -10.47357   11.15322   -3.625
  -11.15322   10.47357   -3.625
  -11.78885   9.75259   -3.625
  -12.37796   8.99311   -3.625
  -12.91822   8.19815   -3.625
  -13.40749   7.37083   -3.625
  -13.84385   6.51442   -3.625
  -14.22558   5.63231   -3.625
  -14.55117   4.72796   -3.625
  -14.81932   3.80495   -3.625
  -15.029   2.86693   -3.625
  -15.17936   1.9176   -3.625
  -15.26981   0.96069   -3.625
  -15.3   0.0   -3.625
  -15.26981   -0.9607   -3.625
  -15.17935   -1.9176   -3.625
  -15.02899   -2.86694   -3.625
  -14.81932   -3.80496   -3.625
  -14.55116   -4.72796   -3.625
  -14.22558   -5.63231   -3.625
  -13.84385   -6.51442   -3.625
  -13.40749   -7.37083   -3.625
  -12.91822   -8.19815   -3.625
  -12.37796   -8.99312   -3.625
  -11.78885   -9.75259   -3.625
  -11.15322   -10.47357   -3.625
  -10.47357   -11.15322   -3.625
  -9.75259   -11.78885   -3.625
  -8.99311   -12.37796   -3.625
  -8.19815   -12.91822   -3.625
  -7.37083   -13.40749   -3.625
  -6.51442   -13.84385   -3.625
  -5.6323   -14.22558   -3.625
  -4.72796   -14.55117   -3.625
  -3.80495   -14.81932   -3.625
  -2.86693   -15.029   -3.625
  -1.9176   -15.17936   -3.625
  -0.96069   -15.26981   -3.625
  0.0   -15.3   -3.625
  0.9607   -15.26981   -3.625
  1.9176   -15.17935   -3.625
  2.86694   -15.02899   -3.625
  3.80496   -14.81932   -3.625
  4.72796   -14.55116   -3.625
  5.63231   -14.22558   -3.625
  6.51442   -13.84385   -3.625
  7.37083   -13.40749   -3.625
  8.19815   -12.91822   -3.625
  8.99312   -12.37796   -3.625
  9.75259   -11.78885   -3.625
  10.47357   -11.15322   -3.625
  11.15322   -10.47357   -3.625
  11.78885   -9.75259   -3.625
  12.37796   -8.99311   -3.625
  12.91822   -8.19815   -3.625
  13.40749   -7.37083   -3.625
  13.84385   -6.51442   -3.625
  14.22558   -5.6323   -3.625
  14.55117   -4.72796   -3.625
  14.81932   -3.80495   -3.625
  15.029   -2.86693   -3.625
  15.17936   -1.9176   -3.625
  15.26981   -0.96069   -3.625
  15.3   0.0   -3.625
  15.0   0.0   3.625
  14.9704   0.94186   3.625
  14.88172   1.88   3.625
  14.73431   2.81072   3.625
  14.52875   3.73035   3.625
  14.26585   4.63525   3.625
  13.94665   5.52187   3.625
  13.57241   6.38669   3.625
  13.1446   7.22631   3.625
  12.66492   8.0374   3.625
  12.13525   8.81678   3.625
  11.5577   9.56136   3.625
  10.93453   10.26821   3.625
  10.26821   10.93453   3.625
  9.56136   11.5577   3.625
  8.81678   12.13525   3.625
  8.0374   12.66492   3.625
  7.22631   13.1446   3.625
  6.38669   13.57241   3.625
  5.52187   13.94665   3.625
  4.63525   14.26585   3.625
  3.73035   14.52875   3.625
  2.81072   14.73431   3.625
  1.88   14.88172   3.625
  0.94186   14.9704   3.625
  0.0   15.0   3.625
  -0.94186   14.9704   3.625
  -1.88   14.88172   3.625
  -2.81072   14.73431   3.625
  -3.73035   14.52875   3.625
  -4.63525   14.26585   3.625
  -5.52187   13.94665   3.625
  -6.38669   13.57241   3.625
  -7.22631   13.1446   3.625
  -8.0374   12.66492   3.625
  -8.81678   12.13525   3.625
  -9.56136   11.5577   3.625
  -10.26821   10.93453   3.625
  -10.93453   10.26821   3.625
  -11.5577   9.56136   3.625
  -12.13525   8.81678   3.625
  -12.66492   8.0374   3.625
  -13.1446   7.22631   3.625
  -13.57241   6.38669   3.625
  -13.94665   5.52187   3.625
  -14.26585   4.63525   3.625
  -14.52875   3.73035   3.625
  -14.73431   2.81072   3.625
  -14.88172   1.88   3.625
  -14.9704   0.94186   3.625
  -15.0   0.0   3.625
  -14.9704   -0.94186   3.625
  -14.88172   -1.88   3.625
  -14.73431   -2.81072   3.625
  -14.52875   -3.73035   3.625
  -14.26585   -4.63526   3.625
  -13.94665   -5.52187   3.625
  -13.57241   -6.38669   3.625
  -13.1446   -7.22631   3.625
  -12.66492   -8.0374   3.625
  -12.13525   -8.81678   3.625
  -11.5577   -9.56136   3.625
  -10.93453   -10.26821   3.625
  -10.26821   -10.93453   3.625
  -9.56136   -11.5577   3.625
  -8.81678   -12.13525   3.625
  -8.0374   -12.66492   3.625
  -7.22631   -13.1446   3.625
  -6.38669   -13.57241   3.625
  -5.52187   -13.94665   3.625
  -4.63525   -14.26585   3.625
  -3.73035   -14.52875   3.625
  -2.81072   -14.73431   3.625
  -1.88   -14.88172   3.625
  -0.94186   -14.9704   3.625
  0.0   -15.0   3.625
  0.94186   -14.9704   3.625
  1.88   -14.88172   3.625
  2.81072   -14.73431   3.625
  3.73035   -14.52875   3.625
  4.63526   -14.26585   3.625
  5.52187   -13.94665   3.625
  6.38669   -13.57241   3.625
  7.22631   -13.1446   3.625
  8.0374   -12.66492   3.625
  8.81678   -12.13525   3.625
  9.56136   -11.5577   3.625
  10.26821   -10.93453   3.625
  10.93453   -10.26821   3.625
  11.5577   -9.56136   3.625
  12.13525   -8.81678   3.625
  12.66492   -8.0374   3.625
  13.1446   -7.2263   3.625
  13.57241   -6.38669   3.625
  13.94665   -5.52187   3.625
  14.26585   -4.63525   3.625
  14.52875   -3.73035   3.625
  14.73431   -2.81072   3.625
  14.88172   -1.88   3.625
  14.9704   -0.94186   3.625
  15.0   0.0   3.625
  14.9704   0.94186   3.625
  14.88172   1.88   3.625
  14.73431   2.81072   3.625
  14.52875   3.73035   3.625
  14.26585   4.63526   3.625
  13.94665   5.52187   3.625
  13.57241   6.38669   3.625
  13.1446   7.22631   3.625
  12.66492   8.0374   3.625
  12.13525   8.81678   3.625
  11.5577   9.56136   3.625
  10.93453   10.26821   3.625
  10.26821   10.93453   3.625
  9.56136   11.5577   3.625
  8.81678   12.13525   3.625
  8.0374   12.66492   3.625
  7.2263   13.1446   3.625
  6.38669   13.57241   3.625
  5.52187   13.94665   3.625
  4.63525   14.26585   3.625
  3.73035   14.52875   3.625
  2.81072   14.73431   3.625
  1.88   14.88172   3.625
  0.94186   14.9704   3.625
  0.0   15.0   3.625
  -0.94186   14.9704   3.625
  -1.88   14.88172   3.625
  -2.81072   14.73431   3.625
  -3.73035   14.52875   3.625
  -4.63526   14.26585   3.625
  -5.52187   13.94665   3.625
  -6.38669   13.57241   3.625
  -7.22631   13.1446   3.625
  -8.0374   12.66492   3.625
  -8.81678   12.13525   3.625
  -9.56136   11.5577   3.625
  -10.26821   10.93453   3.625
  -10.93453   10.26821   3.625
  -11.5577   9.56136   3.625
  -12.13526   8.81678   3.625
  -12.66492   8.0374   3.625
  -13.1446   7.2263   3.625
  -13.57241   6.38669   3.625
  -13.94665   5.52187   3.625
  -14.26585   4.63525   3.625
  -14.52875   3.73035   3.625
  -14.73431   2.81072   3.625
  -14.88172   1.88   3.625
  -14.9704   0.94186   3.625
  -15.0   0.0   3.625
  -14.9704   -0.94186   3.625
  -14.88172   -1.88   3.625
  -14.73431   -2.81072   3.625
  -14.52875   -3.73035   3.625
  -14.26585   -4.63526   3.625
  -13.94665   -5.52187   3.625
  -13.57241   -6.38669   3.625
  -13.1446   -7.22631   3.625
  -12.66492   -8.0374   3.625
  -12.13525   -8.81678   3.625
  -11.5577   -9.56136   3.625
  -10.93453   -10.26821   3.625
  -10.26821   -10.93453   3.625
  -9.56136   -11.5577   3.625
  -8.81678   -12.13526   3.625
  -8.0374   -12.66492   3.625
  -7.2263   -13.1446   3.625
  -6.38669   -13.57241   3.625
  -5.52187   -13.94665   3.625
  -4.63525   -14.26585   3.625
  -3.73035   -14.52875   3.625
  -2.81072   -14.73431   3.625
  -1.88   -14.88172   3.625
  -0.94186   -14.9704   3.625
  0.0   -15.0   3.625
  0.94186   -14.9704   3.625
  1.88   -14.88172   3.625
  2.81072   -14.73431   3.625
  3.73035   -14.52875   3.625
  4.63526   -14.26585   3.625
  5.52187   -13.94665   3.625
  6.38669   -13.57241   3.625
  7.22631   -13.1446   3.625
  8.0374   -12.66492   3.625
  8.81678   -12.13525   3.625
  9.56136   -11.5577   3.625
  10.26821   -10.93453   3.625
  10.93453   -10.26821   3.625
  11.5577   -9.56136   3.625
  12.13526   -8.81678   3.625
  12.66492   -8.0374   3.625
  13.1446   -7.2263   3.625
  13.57241   -6.38669   3.625
  13.94665   -5.52187   3.625
  14.26585   -4.63525   3.625
  14.52875   -3.73035   3.625
  14.73431   -2.81072   3.625
  14.88172   -1.88   3.625
  14.9704   -0.94186   3.625
  15.0   0.0   3.625
  15.3   0.0   3.625
  15.26981   0.96069   3.625
  15.17935   1.9176   3.625
  15.029   2.86693   3.625
  14.81932   3.80496   3.625
  14.55116   4.72796   3.625
  14.22558   5.63231   3.625
  13.84385   6.51442   3.625
  13.40749   7.37083   3.625
  12.91822   8.19815   3.625
  12.37796   8.99311   3.625
  11.78885   9.75259   3.625
  11.15322   10.47357   3.625
  10.47357   11.15322   3.625
  9.75259   11.78885   3.625
  8.99311   12.37796   3.625
  8.19815   12.91822   3.625
  7.37083   13.40749   3.625
  6.51442   13.84385   3.625
  5.63231   14.22558   3.625
  4.72796   14.55116   3.625
  3.80496   14.81932   3.625
  2.86693   15.029   3.625
  1.9176   15.17935   3.625
  0.96069   15.26981   3.625
  0.0   15.3   3.625
  -0.9607   15.26981   3.625
  -1.9176   15.17935   3.625
  -2.86693   15.029   3.625
  -3.80496   14.81932   3.625
  -4.72796   14.55116   3.625
  -5.63231   14.22558   3.625
  -6.51442   13.84385   3.625
  -7.37083   13.40749   3.625
  -8.19815   12.91822   3.625
  -8.99311   12.37796   3.625
  -9.75259   11.78885   3.625
  -10.47357   11.15322   3.625
  -11.15322   10.47357   3.625
  -11.78885   9.75259   3.625
  -12.37796   8.99311   3.625
  -12.91822   8.19815   3.625
  -13.40749   7.37083   3.625
  -13.84385   6.51442   3.625
  -14.22558   5.63231   3.625
  -14.55116   4.72796   3.625
  -14.81932   3.80496   3.625
  -15.029   2.86693   3.625
  -15.17936   1.9176   3.625
  -15.26981   0.96069   3.625
  -15.3   0.0   3.625
  -15.26981   -0.9607   3.625
  -15.17935   -1.9176   3.625
  -15.029   -2.86693   3.625
  -14.81932   -3.80496   3.625
  -14.55116   -4.72796   3.625
  -14.22558   -5.63231   3.625
  -13.84385   -6.51442   3.625
  -13.40749   -7.37083   3.625
  -12.91822   -8.19815   3.625
  -12.37796   -8.99311   3.625
  -11.78885   -9.75259   3.625
  -11.15322   -10.47357   3.625
  -10.47357   -11.15322   3.625
  -9.75259   -11.78885   3.625
  -8.99311   -12.37796   3.625
  -8.19815   -12.91822   3.625
  -7.37083   -13.40749   3.625
  -6.51442   -13.84385   3.625
  -5.63231   -14.22558   3.625
  -4.72796   -14.55116   3.625
  -3.80496   -14.81932   3.625
  -2.86693   -15.029   3.625
  -1.9176   -15.17936   3.625
  -0.96069   -15.26981   3.625
  0.0   -15.3   3.625
  0.9607   -15.26981   3.625
  1.9176   -15.17935   3.625
  2.86693   -15.029   3.625
  3.80496   -14.81932   3.625
  4.72796   -14.55116   3.625
  5.63231   -14.22558   3.625
  6.51442   -13.84385   3.625
  7.37083   -13.40749   3.625
  8.19815   -12.91822   3.625
  8.99311   -12.37796   3.625
  9.75259   -11.78885   3.625
  10.47357   -11.15322   3.625
  11.15322   -10.47357   3.625
  11.78885   -9.75259   3.625
  12.37796   -8.99311   3.625
  12.91822   -8.19815   3.625
  13.40749   -7.37083   3.625
  13.84385   -6.51442   3.625
  14.22558   -5.63231   3.625
  14.55116   -4.72796   3.625
  14.81932   -3.80495   3.625
  15.029   -2.86693   3.625
  15.17936   -1.9176   3.625
  15.26981   -0.96069   3.625
  15.3   0.0   3.625
  15.26981   0.9607   3.625
  15.17935   1.9176   3.625
  15.02899   2.86693   3.625
  14.81932   3.80496   3.625
  14.55116   4.72796   3.625
  14.22558   5.63231   3.625
  13.84385   6.51442   3.625
  13.40749   7.37083   3.625
  12.91822   8.19815   3.625
  12.37796   8.99311   3.625
  11.78885   9.75259   3.625
  11.15322   10.47357   3.625
  10.47357   11.15322   3.625
  9.75259   11.78885   3.625
  8.99311   12.37796   3.625
  8.19815   12.91822   3.625
  7.37083   13.40749   3.625
  6.51442   13.84385   3.625
  5.63231   14.22558   3.625
  4.72796   14.55116   3.625
  3.80495   14.81932   3.625
  2.86693   15.029   3.625
  1.9176   15.17936   3.625
  0.96069   15.26981   3.625
  0.0   15.3   3.625
  -0.9607   15.26981   3.625
  -1.9176   15.17935   3.625
  -2.86693   15.02899   3.625
  -3.80496   14.81932   3.625
  -4.72796   14.55116   3.625
  -5.63231   14.22558   3.625
  -6.51442   13.84385   3.625
  -7.37083   13.40749   3.625
  -8.19815   12.91822   3.625
  -8.99312   12.37796   3.625
  -9.75259   11.78885   3.625
  -10.47357   11.15322   3.625
  -11.15322   10.47357   3.625
  -11.78885   9.75259   3.625
  -12.37796   8.99311   3.625
  -12.91822   8.19815   3.625
  -13.40749   7.37083   3.625
  -13.84385   6.51442   3.625
  -14.22558   5.63231   3.625
  -14.55117   4.72796   3.625
  -14.81932   3.80495   3.625
  -15.029   2.86693   3.625
  -15.17936   1.9176   3.625
  -15.26981   0.96069   3.625
  -15.3   0.0   3.625
  -15.26981   -0.9607   3.625
  -15.17935   -1.9176   3.625
  -15.02899   -2.86694   3.625
  -14.81932   -3.80496   3.625
  -14.55116   -4.72796   3.625
  -14.22558   -5.63231   3.625
  -13.84385   -6.51442   3.625
  -13.40749   -7.37083   3.625
  -12.91822   -8.19815   3.625
  -12.37796   -8.99312   3.625
  -11.78885   -9.75259   3.625
  -11.15322   -10.47357   3.625
  -10.47357   -11.15322   3.625
  -9.75259   -11.78885   3.625
  -8.99311   -12.37796   3.625
  -8.19815   -12.91822   3.625
  -7.37083   -13.40749   3.625
  -6.51442   -13.84385   3.625
  -5.6323   -14.22558   3.625
  -4.72796   -14.55117   3.625
  -3.80495   -14.81932   3.625
  -2.86693   -15.029   3.625
  -1.9176   -15.17936   3.625
  -0.96069   -15.26981   3.625
  0.0   -15.3   3.625
  0.9607   -15.26981   3.625
  1.9176   -15.17935   3.625
  2.86694   -15.02899   3.625
  3.80496   -14.81932   3.625
  4.72796   -14.55116   3.625
  5.63231   -14.22558   3.625
  6.51442   -13.84385   3.625
  7.37083   -13.40749   3.625
  8.19815   -12.91822   3.625
  8.99312   -12.37796   3.625
  9.75259   -11.78885   3.625
  10.47357   -11.15322   3.625
  11.15322   -10.47357   3.625
  11.78885   -9.75259   3.625
  12.37796   -8.99311   3.625
  12.91822   -8.19815   3.625
  13.40749   -7.37083   3.625
  13.84385   -6.51442   3.625
  14.22558   -5.6323   3.625
  14.55117   -4.72796   3.625
  14.81932   -3.80495   3.625
  15.029   -2.86693   3.625
  15.17936   -1.9176   3.625
  15.26981   -0.96069   3.625
  15.3   0.0   3.625
